-50 20.4 79
-50 20.4 79
-50 20.4 79
-50 20.4 79
-50 20.4 79
-50 20.4 79
-50 20.4 79
-50 20.4 79
-50 20.4 79
-50 20.4 79
-50 20.4 79
-50 20.4 79
-50 20.4 79
-50 20.4 79
-50 20.4 79
-50 20.4 79
-50 20.4 79
-50 20.4 79
-50 20.4 79
-50 20.4 79
-50 20.4 79
-50 20.4 79
-50 20.4 79
-50 20.4 79
-50 20.4 79
-50 20.4 79
-50 20.4 79
-50 20.4 79
-50 20.4 79
-50 20.4 79
-50 20.4 79
-50 20.4 79
-50 20.4 79
-50 20.4 79
-50 20.4 79
-50 20.4 79
-50 20.4 79
-50 20.4 79
-50 20.4 79
-50 20.4 79
-50 20.4 79
-50 20.4 79
-50 20.4 79
-50 20.4 79
-50 20.4 79
-50 20.4 79
-50 20.4 79
-50 20.4 79
-50 20.4 79
-50 20.4 79
-50 20.3745 79
-50 20.2978 79
-50 20.1701 79
-50 19.9914 79
-50 19.7615 79
-50 19.4806 79
-50 19.1487 79
-50 19.1232 79
-49.9838 19.1222 79.0023
-49.9432 19.1227 78.9276
-49.8803 19.1277 78.6977
-49.7967 19.1307 78.4702
-49.6942 19.1245 78.4025
-49.5728 19.1091 78.4947
-49.4305 19.0916 78.5894
-49.2654 19.0792 78.5293
-49.0773 19.072 78.3144
-48.8683 19.0626 78.102
-48.6405 19.044 78.0495
-48.3938 19.0161 78.1569
-48.1261 18.9861 78.2668
-47.8357 18.9612 78.2219
-47.5224 18.9414 78.0221
-47.1882 18.9196 77.8249
-46.8353 18.8885 77.7876
-46.4635 18.848 77.9101
-46.0709 18.8055 78.0352
-45.6556 18.7682 78.0054
-45.2175 18.7359 77.8208
-44.758 18.7013 77.6385
-44.2886 18.6361 77.5359
-43.8179 18.5279 77.4339
-43.3399 18.4039 77.3335
-42.8541 18.2605 77.2348
-42.3599 18.0957 77.1376
-41.8568 17.9075 77.0419
-41.3443 17.6939 76.9475
-40.8222 17.4526 76.8543
-40.2905 17.1815 76.7623
-39.744 16.8896 76.6725
-39.1785 16.5846 76.587
-38.5784 16.2763 76.5798
-37.9518 16.0304 76.7167
-37.289 15.8389 76.8635
-36.5775 15.5899 76.8889
-35.8149 15.355 76.7994
-35.0197 15.0947 76.7228
-34.2126 14.7664 76.7826
-33.3942 14.3688 76.9781
-32.6299 13.9458 77.2224
-31.8663 13.4791 77.4666
-31.1034 12.9688 77.7105
-30.3412 12.415 77.9542
-29.5798 11.8177 78.1976
-28.819 11.1769 78.4409
-28.059 10.4927 78.6839
-27.2998 9.76521 78.9266
-26.4345 9.18429 79.1998
-25.5224 8.62135 79.3838
-24.5636 8.07632 79.4785
-23.5582 7.54919 79.4841
-22.5062 7.03995 79.4008
-21.4265 6.50969 79.3313
-20.338 5.91953 79.3782
-19.222 5.30839 79.439
-18.0598 4.71522 79.4108
-16.8513 4.14005 79.2935
-15.6155 3.54405 79.19
-14.371 2.88912 79.2035
-13.1133 2.18472 79.3387
-11.8219 1.47743 79.494
-10.4798 0.831226 79.5643
-9.09215 0.206479 79.5445
-7.65913 -0.392533 79.435
-6.20022 -0.421213 79.3398
-4.73496 -0.244166 79.3634
-3.25476 -0.0660923 79.5196
-1.74527 0.125813 79.8342
-0.2084 0.340841 80.1642
1.35647 0.425303 80.363
2.94757 0.453385 80.4284
4.5505 0.481816 80.4954
6.15125 0.509634 80.6995
7.74966 0.537178 81.0406
9.3594 0.564633 81.3828
10.9941 0.592072 81.5902
12.6538 0.619477 81.6628
14.3246 0.646838 81.7365
15.9928 0.674151 81.947
17.6501 0.701418 82.2937
19.3018 0.728638 82.6398
20.9617 0.755813 82.8493
22.6301 0.782941 82.9224
24.2927 0.810024 82.9947
25.9347 0.837061 83.2022
27.565 0.842061 83.4771
29.1926 0.803031 83.7517
30.8175 0.720009 84.0258
32.4397 0.593067 84.2995
34.0613 0.593153 84.5045
35.6967 0.593325 84.5747
37.3261 0.593497 84.644
38.9287 0.593668 84.8464
40.5031 0.593839 85.1818
42.0483 0.59401 85.6495
43.5888 0.59418 86.1163
45.1508 0.594351 86.4491
46.7358 0.59452 86.6481
48.3147 0.59469 86.8458
49.8568 0.594859 87.1741
51.3602 0.595028 87.6327
52.8234 0.595197 88.2207
54.2824 0.595366 88.8075
55.7753 0.595534 89.2629
57.3044 0.595702 89.5876
58.8273 0.595869 89.9102
60.2998 0.596037 90.359
61.7198 0.596204 90.933
63.0851 0.596371 91.6312
64.4468 0.596537 92.3279
65.8582 0.596703 92.8984
67.2637 0.596869 93.4661
68.6052 0.597035 94.1534
69.8802 0.597201 94.9589
71.1519 0.597366 95.7627
72.4862 0.597531 96.4462
73.8148 0.597695 97.1263
75.0668 0.59786 97.9183
76.2395 0.598024 98.8205
77.3306 0.598187 99.8309
78.419 0.598351 100.839
79.5864 0.598514 101.737
80.8355 0.598677 102.527
82.0794 0.59884 103.313
83.2285 0.599002 104.196
84.28 0.599164 105.173
85.2318 0.599326 106.242
86.0813 0.599487 107.401
86.9288 0.599649 108.557
87.8772 0.59981 109.623
88.8213 0.599971 110.683
89.6536 0.600131 111.82
90.3719 0.600292 113.03
90.9741 0.600452 114.311
91.5749 0.600612 115.589
92.2911 0.600771 116.796
93.0042 0.600931 117.997
93.5933 0.60109 119.252
94.0565 0.601249 120.559
94.3927 0.601408 121.913
94.728 0.601566 123.264
95.1907 0.601724 124.569
95.6514 0.601882 125.866
95.9794 0.60204 127.193
96.1738 0.602198 128.543
96.2338 0.602355 129.913
96.2935 0.602512 131.281
96.4876 0.602669 132.63
96.6813 0.602825 133.972
96.7391 0.602982 135.313
96.6612 0.603138 136.648
96.448 0.603294 137.973
96.2349 0.603449 139.296
96.1667 0.603605 140.561
96.1217 0.60376 141.683
95.9706 0.603915 142.637
95.7176 0.60407 143.423
95.3659 0.604225 144.037
95.0488 0.604379 144.514
94.8989 0.604534 144.888
94.9163 0.604688 145.157
94.9514 0.604843 145.36
94.8542 0.604997 145.533
94.6248 0.605151 145.676
94.3942 0.605306 145.823
94.2936 0.60546 146.009
94.323 0.605614 146.234
94.3513 0.605768 146.463
94.2473 0.605922 146.663
94.0109 0.606076 146.832
93.7735 0.60623 147.006
93.6662 0.606384 147.219
93.689 0.606538 147.469
93.7107 0.606692 147.724
93.5999 0.606846 147.95
93.3567 0.606999 148.147
93.1124 0.607153 148.348
92.9985 0.607307 148.586
93.0151 0.60746 148.862
93.0306 0.607614 149.142
92.9133 0.607767 149.394
92.6633 0.60792 149.619
92.4123 0.608074 149.847
92.2921 0.608227 150.112
92.3029 0.60838 150.412
92.3127 0.608533 150.716
92.1893 0.608685 150.995
91.9328 0.608838 151.248
91.6753 0.608991 151.505
91.549 0.609144 151.798
91.5558 0.609298 152.124
91.5616 0.609451 152.454
91.4323 0.609604 152.761
91.1677 0.609757 153.045
90.9023 0.60991 153.334
90.7707 0.610063 153.652
90.773 0.610216 154.001
90.9093 0.610369 154.38
91.0448 0.610521 154.763
91.0443 0.610674 155.126
90.9078 0.610826 155.472
90.7707 0.610979 155.822
90.7683 0.611131 156.197
90.9008 0.611283 156.597
91.0327 0.611435 157.002
91.028 0.611587 157.393
90.8867 0.611739 157.77
90.7449 0.611891 158.151
90.7388 0.612043 158.553
90.8686 0.612194 158.974
90.9979 0.612346 159.4
90.9901 0.612498 159.817
90.8453 0.612649 160.228
90.7002 0.6128 160.642
90.6917 0.612951 161.07
90.8198 0.613103 161.511
90.9477 0.613254 161.956
90.9383 0.613405 162.4
90.7917 0.613555 162.845
90.645 0.613706 163.294
90.6355 0.613857 163.748
90.7631 0.614008 164.207
90.8908 0.614158 164.67
90.8815 0.614309 165.142
90.7353 0.614459 165.622
90.5892 0.61461 166.106
90.5804 0.61476 166.587
90.7087 0.61491 167.062
90.8375 0.61506 167.542
90.8302 0.61521 168.04
90.6872 0.61536 168.557
90.5446 0.61551 169.078
90.5385 0.61566 169.584
90.6686 0.615809 170.074
90.9348 0.615959 170.546
91.2019 0.616108 171.022
91.336 0.616258 171.534
91.3384 0.616407 172.085
91.3433 0.616556 172.648
91.4836 0.616705 173.188
91.7587 0.616853 173.707
92.0369 0.617001 174.237
92.1863 0.61715 174.814
92.2071 0.617298 175.436
92.2308 0.617446 176.069
92.3891 0.617594 176.679
92.682 0.617742 177.266
92.9779 0.617889 177.864
93.1452 0.618037 178.508
93.1838 0.618184 179.197
93.2254 0.618332 179.898
93.4015 0.618479 180.576
93.7122 0.618626 181.23
94.0259 0.618773 181.895
94.2109 0.61892 182.606
94.2672 0.619067 183.363
94.3265 0.619214 184.131
94.5203 0.61936 184.875
94.8487 0.619507 185.596
95.18 0.619653 186.328
95.3826 0.619799 187.105
95.4565 0.619945 187.929
95.5334 0.620091 188.763
95.7447 0.620237 189.574
96.0906 0.620383 190.361
96.4394 0.620528 191.159
96.6594 0.620674 192.002
96.7507 0.620819 192.891
96.8449 0.620964 193.792
97.0736 0.621109 194.668
97.4368 0.621254 195.52
97.8029 0.621399 196.384
98.0402 0.621544 197.292
98.1488 0.621688 198.247
98.2601 0.621832 199.212
98.506 0.621977 200.153
98.8864 0.622121 201.071
99.2696 0.622265 201.999
99.5239 0.622408 202.972
99.6495 0.622552 203.991
99.7779 0.622695 205.021
100.041 0.622838 206.026
100.438 0.622982 207.007
100.838 0.623125 207.999
101.109 0.623267 209.036
101.252 0.62341 210.119
101.397 0.623552 211.212
101.677 0.623695 212.281
102.091 0.623837 213.326
102.508 0.623979 214.382
102.796 0.624121 215.484
102.955 0.624263 216.632
103.116 0.624404 217.789
103.413 0.624546 218.923
103.844 0.624687 220.031
104.278 0.624828 221.151
104.582 0.624969 222.315
104.757 0.62511 223.524
104.935 0.625251 224.744
105.248 0.625391 225.939
105.695 0.625531 227.11
106.146 0.625672 228.291
106.466 0.625811 229.517
106.658 0.625951 230.787
106.852 0.626091 232.068
107.181 0.62623 233.325
107.644 0.626369 234.556
108.111 0.626508 235.797
108.447 0.626647 237.084
108.655 0.626785 238.415
108.865 0.626924 239.756
109.209 0.627062 241.072
109.689 0.6272 242.364
110.171 0.627338 243.665
110.523 0.627475 245.011
110.747 0.627613 246.401
110.972 0.62775 247.802
111.333 0.627887 249.177
111.828 0.628024 250.527
112.325 0.62816 251.887
112.693 0.628296 253.292
112.932 0.628433 254.741
113.173 0.628569 256.2
113.549 0.628704 257.633
114.059 0.62884 259.041
114.572 0.628975 260.459
114.955 0.62911 261.921
115.209 0.629245 263.428
115.465 0.62938 264.944
115.856 0.629514 266.434
116.381 0.629649 267.899
116.909 0.629783 269.374
117.308 0.629916 270.893
117.576 0.63005 272.456
117.847 0.630183 274.028
118.253 0.630316 275.574
118.793 0.630449 277.095
119.336 0.630582 278.625
119.749 0.630715 280.2
120.031 0.630846 281.811
120.316 0.630978 283.431
120.734 0.631109 285.025
121.285 0.63124 286.594
121.839 0.631371 288.171
122.264 0.631501 289.793
122.561 0.631632 291.457
122.859 0.631762 293.131
123.292 0.631892 294.779
123.857 0.632021 296.401
124.425 0.632151 298.032
124.864 0.63228 299.706
125.174 0.632409 301.423
125.487 0.632537 303.149
125.933 0.632666 304.849
126.512 0.632794 306.524
127.094 0.632922 308.206
127.547 0.63305 309.932
127.871 0.633178 311.701
128.197 0.633305 313.479
128.657 0.633432 315.23
129.25 0.633559 316.956
129.845 0.633685 318.689
130.311 0.633812 320.466
130.648 0.633938 322.286
130.988 0.634064 324.114
131.461 0.634189 325.915
132.067 0.634315 327.69
132.675 0.63444 329.474
133.155 0.634565 331.3
133.505 0.634689 333.169
133.858 0.634814 335.046
134.344 0.634938 336.897
134.963 0.635062 338.721
135.584 0.635185 340.553
136.076 0.635309 342.428
136.439 0.635432 344.345
136.805 0.635555 346.271
137.303 0.635678 348.169
137.935 0.6358 350.041
138.569 0.635922 351.921
139.074 0.636044 353.843
139.449 0.636166 355.807
139.827 0.636287 357.78
140.338 0.636408 359.725
140.982 0.636529 361.644
141.628 0.63665 363.57
142.145 0.63677 365.538
142.533 0.636891 367.549
142.923 0.63701 369.567
143.447 0.63713 371.559
144.103 0.63725 373.524
144.762 0.637369 375.497
145.291 0.637488 377.512
145.692 0.637607 379.569
146.094 0.637725 381.633
146.629 0.637843 383.67
147.297 0.637961 385.68
147.968 0.638079 387.697
148.509 0.638196 389.755
148.92 0.638313 391.856
149.334 0.63843 393.964
149.881 0.638547 396.044
150.561 0.638663 398.097
151.242 0.638779 400.158
151.795 0.638895 402.259
152.218 0.639011 404.403
152.643 1.4113 406.553
153.198 2.50246 408.667
153.868 3.55142 410.671
154.541 4.2906 412.645
155.091 4.93715 414.642
155.525 5.6057 416.663
155.901 6.26554 418.691
156.277 6.88027 420.716
156.652 7.44989 422.736
157.026 7.97452 424.751
157.4 8.45427 426.762
157.772 8.88924 428.77
158.153 9.31716 430.762
158.537 9.72348 432.745
158.924 10.1162 434.716
159.312 10.4989 436.676
159.698 10.873 438.624
160.084 11.2026 440.569
160.469 11.4879 442.509
160.853 11.7287 444.446
161.236 11.9254 446.379
161.618 12.0779 448.308
162 12.1863 450.233
162.381 12.2508 452.154
162.761 12.2713 454.072
163.141 12.2481 455.986
163.52 12.1812 457.896
163.898 12.0707 459.802
164.275 11.9166 461.705
164.652 11.719 463.604
165.027 11.4781 465.499
165.403 11.1939 467.39
165.777 10.8665 469.278
166.153 10.4939 471.172
166.527 10.0777 473.063
166.902 9.6182 474.95
167.275 9.11534 476.833
167.648 8.56924 478.712
168.02 7.98001 480.588
168.391 7.34771 482.459
168.761 6.67246 484.328
169.131 5.95433 486.192
169.5 5.19343 488.052
169.868 4.38984 489.909
170.236 3.54367 491.762
170.602 2.65501 493.611
170.968 1.72395 495.457
171.333 0.75061 497.298
171.698 -0.264921 499.136
172.095 0.177198 501.062
172.626 0.379437 502.973
173.293 0.449304 504.859
173.962 0.498355 506.755
