-50 20.4 79
-50 20.4 79
-50 20.4 79
-50 20.4 79
-50 20.4 79
-50 20.4 79
-50 20.4 79
-50 20.4 79
-50 20.4 79
-50 20.4 79
-50 20.4 79
-50 20.4 79
-50 20.4 79
-50 20.4 79
-50 20.4 79
-50 20.4 79
-50 20.4 79
-50 20.4 79
-50 20.4 79
-50 20.4 79
-50 20.4 79
-50 20.4 79
-50 20.4 79
-50 20.4 79
-50 20.4 79
-50 20.4 79
-50 20.4 79
-50 20.4 79
-50 20.4 79
-50 20.4 79
-50 20.4 79
-50 20.4 79
-50 20.4 79
-50 20.4 79
-50 20.4 79
-50 20.4 79
-50 20.4 79
-50 20.4 79
-50 20.4 79
-50 20.4 79
-50 20.4 79
-50 20.4 79
-50 20.4 79
-50 20.4 79
-50 20.4 79
-50 20.4 79
-50 20.4 79
-50 20.4 79
-50 20.4 79
-50 20.4 79
-50 20.3751 79
-50 20.3006 79
-50 20.1763 79
-50 20.0024 79
-50 19.7787 79
-50 19.5054 79
-50 19.1825 79
-50 19.1577 79
-49.9842 19.1567 79.0022
-49.9447 19.1571 78.9296
-49.8835 19.1621 78.7058
-49.8022 19.1649 78.4845
-49.7024 19.1589 78.4186
-49.5843 19.1439 78.5083
-49.4459 19.1269 78.6005
-49.2852 19.1149 78.542
-49.1022 19.1078 78.3329
-48.8988 19.0987 78.1263
-48.6771 19.0806 78.0752
-48.4371 19.0534 78.1796
-48.1767 19.0242 78.2866
-47.894 19 78.2428
-47.5892 18.9808 78.0485
-47.264 18.9595 77.8566
-46.9206 18.9292 77.8202
-46.5588 18.8899 77.9395
-46.1768 18.8485 78.0611
-45.7726 18.8122 78.0322
-45.3463 18.7808 77.8525
-44.8993 18.7472 77.6752
-44.4428 18.6839 77.5755
-43.9844 18.5829 77.4764
-43.519 18.4671 77.3791
-43.0463 18.3331 77.2834
-42.5655 18.1791 77.1892
-42.0762 18.003 77.0964
-41.5779 17.8031 77.005
-41.0702 17.5773 76.9148
-40.5531 17.3236 76.8258
-40.0244 17.0442 76.7383
-39.4784 16.75 76.6541
-38.8985 16.453 76.6452
-38.2917 16.1239 76.7765
-37.6495 15.9004 76.9165
-36.9611 15.6689 76.9361
-36.2238 15.4362 76.8412
-35.4552 15.1786 76.7577
-34.6744 14.8555 76.8074
-33.8825 14.4654 76.9893
-33.1149 14.0782 77.1769
-32.3245 13.6782 77.3204
-31.5347 13.2352 77.4638
-30.7457 12.7492 77.607
-29.9574 12.2203 77.7501
-29.1698 11.6486 77.893
-28.383 11.034 78.0358
-27.5969 10.3766 78.1785
-26.7181 9.84095 78.3408
-25.7932 9.32293 78.4153
-24.8223 8.82251 78.402
-23.8055 8.33966 78.3012
-22.7613 7.83606 78.2139
-21.7084 7.27341 78.2414
-20.6469 6.65178 78.3836
-19.5583 6.00952 78.5394
-18.424 5.38499 78.6073
-17.2442 4.77825 78.5874
-16.019 4.18927 78.4798
-14.767 3.57983 78.3857
-13.5031 2.91889 78.4101
-12.2251 2.21245 78.5563
-10.9145 1.50005 78.7223
-9.55648 0.813466 78.8024
-8.15258 0.149804 78.7948
-6.70358 -0.486569 78.6993
-5.22899 -0.431269 78.6181
-3.74442 -0.235885 78.6584
-2.23567 -0.042959 78.8414
-0.683884 0.185787 79.0551
0.904663 0.372495 79.1523
2.52044 0.446591 79.12
4.14828 0.493991 79.09
5.77392 0.540075 79.1955
7.39709 0.585588 79.4362
9.03136 0.630929 79.6782
10.6903 0.676258 79.7876
12.3738 0.721538 79.7644
14.0683 0.766746 79.7423
15.7599 0.811873 79.8554
17.4488 0.856921 80.1035
19.1348 0.880227 80.4189
20.8179 0.860127 80.7339
22.4981 0.796656 81.0484
24.1755 0.68989 81.3623
25.8559 0.689957 81.6088
27.5454 0.690097 81.7209
29.229 0.690237 81.8323
30.891 0.690377 82.0765
32.5307 0.690517 82.4534
34.1806 0.690658 82.8326
35.8434 0.690799 83.0751
37.5203 0.69094 83.1811
39.1909 0.691081 83.2862
40.834 0.691221 83.5257
42.4484 0.691362 83.8995
44.0579 0.691502 84.2725
45.6878 0.691642 84.5099
47.3115 0.691783 84.746
48.9007 0.691923 85.1148
50.4538 0.692063 85.616
52.0024 0.692203 86.1161
53.5799 0.692342 86.4822
55.1511 0.692482 86.8464
56.6789 0.692621 87.3407
58.1613 0.692761 87.9643
59.6396 0.6929 88.5867
61.1573 0.693039 89.0776
62.6687 0.693178 89.5662
64.126 0.693317 90.1808
65.527 0.693456 90.9203
66.9242 0.693595 91.6582
68.3728 0.693733 92.2691
69.8154 0.693872 92.8769
71.1917 0.69401 93.6049
72.4995 0.694149 94.4515
73.8038 0.694287 95.2963
75.1729 0.694425 96.0204
76.5361 0.694564 96.7408
77.8202 0.694702 97.5731
79.0224 0.69484 98.5156
80.1402 0.694978 99.5661
81.2553 0.695116 100.614
82.452 0.695253 101.553
83.6435 0.695391 102.486
84.7398 0.695529 103.518
85.7383 0.695666 104.647
86.7345 0.695804 105.773
87.8265 0.695941 106.801
88.9138 0.696079 107.824
89.893 0.696216 108.931
90.7615 0.696353 110.12
91.5171 0.69649 111.386
92.271 0.696627 112.65
93.1367 0.696764 113.835
93.9987 0.6969 115.014
94.739 0.697037 116.255
95.3554 0.697173 117.556
95.8463 0.69731 118.912
96.3361 0.697446 120.266
96.9471 0.697581 121.557
97.5557 0.697717 122.841
98.0339 0.697852 124.162
98.3804 0.697987 125.516
98.5942 0.698122 126.897
98.6747 0.698257 128.303
98.7547 0.698392 129.705
98.9683 0.698527 131.085
99.1813 0.698661 132.458
99.2588 0.698796 133.834
99.2006 0.69893 135.208
99.0072 0.699064 136.576
98.8138 0.699199 137.941
98.7557 0.699333 139.314
98.6985 0.699467 140.68
98.5219 0.699601 141.95
98.2425 0.699734 143.051
97.8659 0.699868 143.981
97.5267 0.700002 144.774
97.3577 0.700135 145.468
97.36 0.700269 146.065
97.4053 0.700402 146.527
97.3651 0.700535 146.811
97.217 0.700669 146.989
97.0676 0.700802 147.171
97.0456 0.700936 147.399
97.1511 0.701069 147.672
97.2552 0.701203 147.95
97.229 0.701336 148.191
97.0725 0.70147 148.395
96.9146 0.701603 148.603
96.8843 0.701737 148.856
96.9816 0.70187 149.155
97.0776 0.702004 149.458
97.0431 0.702137 149.725
96.8781 0.702271 149.955
96.7117 0.702404 150.19
96.6733 0.702538 150.469
96.7628 0.702672 150.792
96.851 0.702805 151.12
96.8084 0.702939 151.412
96.6349 0.703072 151.67
96.4602 0.703206 151.931
96.4139 0.70334 152.236
96.4961 0.703473 152.583
96.5771 0.703607 152.935
96.5267 0.70374 153.253
96.3449 0.703874 153.539
96.162 0.704008 153.828
96.1083 0.704141 154.159
96.1847 0.704276 154.531
96.2598 0.70441 154.909
96.2015 0.704545 155.255
96.0094 0.704679 155.571
95.8164 0.704813 155.891
95.755 0.704948 156.249
95.8254 0.705082 156.644
95.8947 0.705217 157.044
95.8297 0.705351 157.417
95.6302 0.705486 157.763
95.4298 0.70562 158.113
95.3622 0.705755 158.497
95.4277 0.705889 158.914
95.4921 0.706024 159.336
95.4213 0.706159 159.735
95.2153 0.706293 160.112
95.0084 0.706428 160.494
94.9357 0.706562 160.904
94.9971 0.706697 161.341
95.0578 0.706831 161.784
94.9825 0.706966 162.21
94.771 0.707101 162.62
94.5589 0.707235 163.034
94.4822 0.70737 163.47
94.5409 0.707505 163.927
94.599 0.70764 164.389
94.5204 0.707774 164.841
94.3051 0.707909 165.285
94.0895 0.708044 165.733
94.0101 0.708179 166.195
94.0673 0.708314 166.67
94.1242 0.708449 167.15
94.0441 0.708584 167.629
93.8955 0.708719 168.11
93.8152 0.708854 168.596
93.8719 0.708989 169.088
94.0656 0.709125 169.583
94.2593 0.70926 170.083
94.3162 0.709395 170.592
94.2365 0.70953 171.111
94.1569 0.709666 171.634
94.2142 0.709801 172.151
94.4085 0.709936 172.661
94.6032 0.710072 173.177
94.6624 0.710207 173.712
94.5862 0.710343 174.269
94.5105 0.710478 174.829
94.5714 0.710614 175.376
94.7692 0.71075 175.91
94.9695 0.710886 176.457
95.0378 0.711022 177.047
94.9724 0.711159 177.678
94.9094 0.711296 178.32
94.985 0.711434 178.943
95.1991 0.711571 179.547
95.4158 0.711708 180.163
95.4995 0.711845 180.821
95.45 0.711982 181.522
95.4032 0.71212 182.234
95.4949 0.712257 182.927
95.725 0.712395 183.601
95.9578 0.712532 184.286
96.0575 0.712669 185.014
96.024 0.712807 185.784
95.9933 0.712945 186.565
96.1009 0.713082 187.327
96.347 0.71322 188.07
96.5957 0.713358 188.824
96.7113 0.713495 189.62
96.6937 0.713633 190.459
96.6788 0.713771 191.308
96.8023 0.713909 192.139
97.0642 0.714046 192.95
97.3288 0.714184 193.772
97.4602 0.714322 194.637
97.4584 0.71446 195.543
97.4592 0.714598 196.461
97.5984 0.714736 197.359
97.876 0.714874 198.238
98.1563 0.715012 199.127
98.3033 0.71515 200.059
98.3171 0.715288 201.033
98.3335 0.715426 202.018
98.4883 0.715564 202.983
98.7816 0.715702 203.929
99.0773 0.71584 204.885
99.2399 0.715978 205.884
99.2692 0.716116 206.924
99.301 0.716254 207.975
99.4713 0.716392 209.007
99.7799 0.716529 210.018
100.091 0.716667 211.041
100.269 0.716805 212.105
100.314 0.716943 213.211
100.361 0.717081 214.328
100.546 0.717219 215.425
100.87 0.717357 216.502
101.197 0.717495 217.59
101.39 0.717633 218.719
101.449 0.717771 219.89
101.511 0.717908 221.064
101.709 0.718045 222.219
102.044 0.718182 223.354
102.381 0.718319 224.499
102.587 0.718456 225.686
102.661 0.718593 226.913
102.737 0.71873 228.151
102.95 0.718867 229.369
103.3 0.719004 230.566
103.652 0.71914 231.774
103.872 0.719277 233.023
103.96 0.719414 234.313
104.051 0.719551 235.613
104.279 0.719687 236.892
104.643 0.719824 238.152
105.009 0.719961 239.421
105.244 0.720097 240.732
105.347 0.720234 242.083
105.452 0.72037 243.444
105.694 0.720507 244.785
106.073 0.720643 246.105
106.454 0.720779 247.435
106.703 0.720915 248.806
106.82 0.721052 250.218
106.939 0.721188 251.639
107.195 0.721324 253.04
107.588 0.72146 254.42
107.983 0.721596 255.81
108.246 0.721732 257.241
108.377 0.721868 258.712
108.51 0.722004 260.192
108.78 0.72214 261.652
109.187 0.722275 263.091
109.595 0.722411 264.54
109.872 0.722547 266.029
110.017 0.722682 267.558
110.164 0.722818 269.097
110.448 0.722953 270.615
110.868 0.723088 272.112
111.291 0.723224 273.618
111.581 0.723359 275.165
111.74 0.723494 276.751
111.9 0.723629 278.347
112.198 0.723764 279.922
112.631 0.723899 281.475
113.067 0.724033 283.038
113.371 0.724168 284.641
113.543 0.724303 286.284
113.717 0.724437 287.936
114.027 0.724572 289.567
114.446 0.724699 291.087
114.866 0.724826 292.616
115.169 0.724952 294.18
115.354 0.725079 295.779
115.54 0.725206 297.386
115.849 0.725332 298.975
116.279 0.725459 300.544
116.711 0.725585 302.121
117.025 0.725711 303.733
117.221 0.725837 305.381
117.419 0.725963 307.036
117.739 0.726089 308.672
118.181 0.726215 310.289
118.624 0.726341 311.914
118.949 0.726467 313.574
119.157 0.726593 315.269
119.366 0.726718 316.971
119.697 0.726844 318.654
120.15 0.726969 320.318
120.604 0.727094 321.989
120.941 0.72722 323.696
121.159 0.727345 325.437
121.38 0.72747 327.186
121.722 0.727595 328.915
122.185 0.727719 330.624
122.651 0.727844 332.341
122.998 0.727969 334.093
123.227 0.728093 335.88
123.458 0.728218 337.674
123.811 0.728342 339.448
124.285 0.728466 341.202
124.762 0.728591 342.964
125.12 0.728715 344.76
125.36 0.728839 346.591
125.601 0.728962 348.43
125.965 0.729086 350.248
126.449 0.72921 352.046
126.936 0.729333 353.852
127.304 0.729457 355.692
127.555 0.72958 357.566
127.807 0.729703 359.448
128.181 0.729826 361.309
128.676 0.729949 363.15
129.172 0.730072 364.999
129.551 0.730195 366.881
129.812 0.730317 368.798
130.074 0.73044 370.722
130.458 0.730562 372.625
130.963 0.730684 374.509
131.47 0.730807 376.399
131.865 0.730931 378.362
132.138 0.731056 380.361
132.412 0.73118 382.367
132.812 0.731304 384.352
133.339 0.731428 386.315
133.868 0.731552 388.285
134.273 0.731676 390.291
134.556 0.731799 392.332
134.84 0.731923 394.38
135.251 0.732046 396.406
135.788 0.73217 398.411
136.326 0.732293 400.423
136.742 0.732416 402.47
137.034 0.732539 404.552
137.328 1.50656 406.641
137.745 3.00266 408.691
138.271 4.42238 410.631
138.797 5.72793 412.461
139.211 6.83986 414.257
139.514 7.87844 416.044
139.82 8.8765 417.813
140.236 9.83317 419.547
140.764 10.7738 421.25
141.347 11.6843 422.935
141.928 12.5518 424.616
142.509 13.3762 426.294
143.088 14.1578 427.969
143.666 14.8966 429.641
144.243 15.5927 431.309
144.819 16.2462 432.974
145.394 16.8573 434.636
145.968 17.4259 436.295
146.54 17.9523 437.951
147.112 18.4364 439.603
147.683 18.8784 441.253
148.252 19.2784 442.9
148.821 19.6364 444.543
149.388 19.9525 446.184
149.955 20.2268 447.822
150.52 20.4594 449.457
151.085 20.6503 451.089
151.648 20.7997 452.718
152.211 20.9076 454.344
152.772 20.974 455.968
153.333 20.9991 457.589
153.893 20.9829 459.207
154.451 20.9255 460.822
155.009 20.827 462.434
155.566 20.6874 464.044
156.122 20.5067 465.651
156.673 20.2869 467.244
157.223 20.0268 468.834
157.772 19.7265 470.421
158.32 19.3861 472.006
158.867 19.0055 473.588
159.413 18.585 475.167
159.959 18.1245 476.744
160.503 17.6242 478.318
161.046 17.0841 479.889
161.589 16.5043 481.457
162.13 15.8848 483.023
162.671 15.2258 484.586
163.211 14.5272 486.146
163.749 13.7893 487.703
164.287 13.012 489.258
164.824 12.1955 490.81
165.36 11.3398 492.359
165.894 10.445 493.905
166.428 9.51122 495.448
166.961 8.53851 496.988
167.493 7.52697 498.526
168.023 6.47668 500.06
168.553 5.38775 501.592
169.082 4.26026 503.121
169.61 3.09431 504.646
170.136 1.89 506.169
170.662 0.647422 507.688
